% -------------------------------------------------------------------
%  Generated by MATLAB on 2-Nov-2015 17:46:44
%  MATLAB version: 8.6.0.267246 (R2015b)
% -------------------------------------------------------------------
                                       

R = ...
  [0.0061280072628233321 0.001689545934530059 0.0060470172577794966 0.023876404494382011 ...
   0.016540917005223456 0.0060309838221003073 0.014172571904960345 0.011017498379779646 ...
   0.011013460896651405 0.0067326732673268 0.0009472687085569177 0.072721548874547529 ...
   0.0054310930074677579 0.1192390664836242 0.012383900928792581 0.0046043165467624918 ...
   0.036312849162011142 0.00287356321839079 0 0.11000000000000001 0.0136612021857923 ...
   0.0011200000000000045 0.010676156583629791 0.0053684724255735963 0.035215618435685089 ...
   0.002651582110659335 0.010344827586206983 0.0062021160160524247 0.016262482168330965 ...
   0.030729833546735096;
   -0.0042937853107344118 -0.022905489063144848 -0.0047335677576412537 ...
   -0.009735744089012557 -0.0072025352924229326 0.010221760221760282 0 ...
   -0.0045161290322580832 0.0011137097672345954 0.0071798962903869053 -0.00047341013097670876 ...
   0.010015898251192409 -0.016032064128256526 0.0027531956735496669 0.015723270440251517 ...
   -0.013344690516751814 -0.0027855153203342024 0.0028818443804034433 -0.0013351134846461665 ...
   0.017775901693166323 0.10240963855421696 -0.015903007400409355 -0.030031066620641957 ...
   -0.0053398058252428632 -0.0045510455104549857 -0.035793420828362045 ...
   -0.0017211703958691545 -0.00060768108896447684 -0.0036952814098920568 ...
   -0.00572883513685561;
   0.0051107325383305266 0.019566589522406894 -0.0039067762360232555 0.027142857142857198 ...
   0.0057954216169227137 0.032035044849062791 0.022446370223043022 -0.020537124802527604 ...
   0.023831242873432194 -0.014350304698250382 0.021273166800966966 -0.010306034143655119 ...
   0.0053727333781061161 0.03437754271765673 0 0.0071489848441521307 0.046647230320699618 ...
   0.0050026329647184006 0.020435967302452365 0.016205137981983725 0.009118541033434591 ...
   0.012757136022962799 0.012937062937062847 0.0078277886497064644 -0.0056262230919766135 ...
   0.0042793563847997257 0.0067143166558370189 0.014675052410901439 0.025655976676384917 ...
   0.048032021347565082;
   -0.0088923908149482912 -0.016756309474555281 0.011997273346966731 -0.037138927097661568 ...
   -0.0069064748201439425 -0.0043024152869265584 -0.015799776286353404 ...
   0.043865435356200473 -0.012053621719049152 -0.0087685113016368436 0.027828391585224446 ...
   -0.0099696238024767278 -0.050382653061224435 -0.027882143563377568 -0.015479876160990657 ...
   -0.019624334174376305 -0.014367816091953972 0.0071599045346061 -0.004070556309362313 ...
   -0.0051211532078333927 -0.020833333333333287 -0.011351095696042864 -0.011748445058742219 ...
   -0.0058365758754862574 -0.022594142259414231 -0.006631525250807695 -0.0040983606557376557 ...
   -0.0016005909874414609 0.026946107784431097 0.0669039145907473;
   0.011154108809469656 -0.016680227827501896 0 -0.0068306010928962718 ...
   -0.012784090909090988 -0.011062531177558141 -0.0032055749128920416 0.0063060073016927079 ...
   -0.027071459886014896 0.0062745098039215744 0.001659200265471948 0.023762060441750974 ...
   0.000638162093171652 0.0027761253222288434 -0.027108433734939718 -0.0077885952712100446 ...
   -0.038674033149171304 0.0037263774287995891 -0.024487094639311664 0.0023765388088787492 ...
   -0.013215859030836984 0.013096949369110371 0.0048611111111111311 -0.0038759689922481513 ...
   0.00904704463208685 -0.0028823329942352428 0.0043327556325823847 -0.021209930103639491 ...
   0.0069339764847753046 0.062783661119515888;
   -0.006782726656115695 0.020128657397800349 0.0026655730982160231 0.023776223776223765 ...
   0.0011376564277589948 0.016221857760548672 0.012274266365688553 -0.00066334991708124626 ...
   -0.0041475660336172194 0.003739421373745281 0.01824632539280293 -0.017008935569838547 ...
   0.0057766367137355489 0.010823812387251937 0.012195121951219523 0.014963297571993255 ...
   -0.01630434782608697 -0.00053205639797826876 -0.0078791858174655938 ...
   0.049536067045794566 -0.027142857142857198 0.018214343795739104 0.0020876826722338996 ...
   0 -0.0078985160363810019 0.015321053537613934 0.0058836347788188284 ...
   0.0010857763300760454 0.047363435427849696 0.027993779160186721;
   0.027052130500406345 0.029041212897715128 0.036263191444153305 0.0098870056497175549 ...
   0.00918484500574033 0.041524318280638559 0.017367590067460796 0.0029940119760478996 ...
   0.025635284898690321 0.02771035598705511 0.033344972067039048 -0.01207991327241744 ...
   0.011031797534068782 -0.0010012014417300193 0.0061349693251533804 0 ...
   0.010989010989010999 0.021189894050529776 0.016010673782521696 0.038652849740932686 ...
   0.0086455331412103181 0.015859904179745594 0.022775800711743666 0.010279001468428823 ...
   0.016916149446269936 0.11926782273603093 0.02296032099866253 0.033412292731579689 ...
   0.017673521850899765 -0.013803680981595071;
   -0.0081759557807462909 0.046012955103864085 0.016633064516129049 -0.01666666666666668 ...
   -0.013310676862078699 -0.015803148402873175 -0.0085384943788244533 0 ...
   -0.0073341482386931507 -0.014157527417746778 0.0015737016961007767 0.00077495350278978864 ...
   0.0019505851755526242 -0.035348657523662452 -0.021021021021021106 0.057945041816009707 ...
   -0.034482758620689627 -0.0099515868746637287 0.017651052274270183 -0.023279352226720621 ...
   -0.0028735632183907434 -0.0057490144546649379 0.031950055086301908 -0.013520038628681851 ...
   -0.024688427299703244 -0.010108716383749784 -0.00839964633068087 -0.0076704193987381488 ...
   -0.052086506244288684 -0.023220973782771572;
   -0.017647058823529436 -0.0088554350232454854 0.0033232191879786735 0.0027855153203343265 ...
   0.0068434559452524094 -0.0022264243015738018 0.014436263894904 -0.00364600596619168 ...
   -0.00044429634566262635 -0.0023871096081162632 0.00245398773006136 -0.010808738980452256 ...
   0.0013020833333334213 0.011330337956632261 0.012158054711246211 0.0072202166064980408 ...
   0.035714285714285685 -0.011170212765957492 0.0047748976807640026 0.00096246390760345332 ...
   -0.0071326676176889908 -0.001476135804493953 -0.007291286912139967 -0.0024084778420038876 ...
   0.0013073449013548779 -0.0039893617021276757 0.012080536912751658 -0.0019755525373502483 ...
   -0.020000000000000052 -0.013303769401330356;
   -0.0030449983083342281 -0.00066371681415931718 0.0059593023255813463 ...
   0.0098452883263008984 0.01066282420749272 -0.0089169664177976265 -0.00588404133180268 ...
   0.016167059616032348 -0.013802168912257695 0.023412052117263962 -0.0038414527675922116 ...
   0.02410111477468985 0.0052356020942408424 -0.016522574447646484 -0.043604651162790671 ...
   0.0027149321266969357 -0.047120418848167464 0.023686359923768163 -0.0081190798376183509 ...
   -0.0024759979787772062 -0.0014245014245013942 0.017353579175704976 0.00919793966151582 ...
   0.0024142926122646406 0.011298076923076895 0.0013315579227696458 0 -0.018064985451018537 ...
   0.0038957147138148807 -0.0051470588235294325;
   0.021896968998501853 -0.0033076074972436288 0.0015284955236917388 -0.023351648351648342 ...
   -0.021984216459977286 0.0159690446211958 -0.016236058167443054 -0.0056932350971198309 ...
   0.0062830687830688643 0.0038830983036991155 0.010052910052910058 0.017574692442882157 ...
   0.0039421813403415712 -0.0081935975609756049 0.023809523809523832 -0.0051020408163265814 ...
   0.035230352303523005 0.00962067069818566 0.010943912448700421 0.0017209961530674398 ...
   -0.0070721357850071723 0.00402077399899484 0.0070396443127084584 0.0033914728682170681 ...
   -0.0019193857965450647 0.0026702269692924006 0.00067159167226328934 ...
   0.012272950417280314 -0.0032855436081242364 0;
   0.035441527446300705 0.024858757062146925 0.023617940694382264 0 0.018662072925638776 ...
